   0 -0.971602
   1 -0.969604
   2 -0.967814
   3 -0.965494
   4 -0.963057
   5 -0.958490
   6 -0.957787
   7 -0.953264
   8 -0.950529
   9 -0.946717
  10 -0.941299
  11 -0.938277
  12 -0.935918
  13 -0.930535
  14 -0.925766
  15 -0.922408
  16 -0.917469
  17 -0.913682
  18 -0.909326
  19 -0.904686
  20 -0.894826
  21 -0.887504
  22 -0.881598
  23 -0.874844
  24 -0.868611
  25 -0.857266
  26 -0.847516
  27 -0.839064
  28 -0.828324
  29 -0.825049
  30 -0.811020
  31 -0.802061
  32 -0.795135
  33 -0.778176
  34 -0.757318
  35 -0.756154
  36 -0.731172
  37 -0.733006
  38 -0.717885
  39 -0.689520
  40 -0.672330
  41 -0.646857
  42 -0.656938
  43 -0.634541
  44 -0.610334
  45 -0.614145
  46 -0.591133
  47 -0.575277
  48 -0.563625
  49 -0.560129
  50 -0.555932
  51 -0.539719
  52 -0.537986
  53 -0.515590
  54 -0.505006
  55 -0.513617
  56 -0.500916
  57 -0.494725
  58 -0.483240
  59 -0.479314
  60 -0.476254
  61 -0.464775
  62 -0.457658
  63 -0.457393
  64 -0.449615
  65 -0.442754
  66 -0.442805
  67 -0.436268
  68 -0.431227
  69 -0.430043
  70 -0.422227
  71 -0.417766
  72 -0.414129
  73 -0.407504
  74 -0.408906
  75 -0.401748
  76 -0.393611
  77 -0.390332
  78 -0.388295
  79 -0.387574
  80 -0.383898
  81 -0.380861
  82 -0.377441
  83 -0.369838
  84 -0.369762
  85 -0.368000
  86 -0.364227
  87 -0.360646
