   0 0.984061
   1 0.983047
   2 0.981994
   3 0.980725
   4 0.978998
   5 0.976121
   6 0.975721
   7 0.972482
   8 0.970523
   9 0.968584
  10 0.965252
  11 0.962543
  12 0.961152
  13 0.957480
  14 0.954281
  15 0.950045
  16 0.948363
  17 0.944449
  18 0.942539
  19 0.938373
  20 0.930109
  21 0.923027
  22 0.920570
  23 0.913865
  24 0.907764
  25 0.895965
  26 0.880549
  27 0.871812
  28 0.862914
  29 0.862051
  30 0.845246
  31 0.839174
  32 0.828199
  33 0.798594
  34 0.758246
  35 0.771447
  36 0.711531
  37 0.735344
  38 0.710404
  39 0.635506
  40 0.599969
  41 0.529537
  42 0.579529
  43 0.540963
  44 0.469516
  45 0.496797
  46 0.450180
  47 0.401781
  48 0.384916
  49 0.383600
  50 0.381604
  51 0.341242
  52 0.358244
  53 0.276236
  54 0.254730
  55 0.312277
  56 0.288814
  57 0.272049
  58 0.249422
  59 0.245359
  60 0.254936
  61 0.211826
  62 0.217320
  63 0.229430
  64 0.200328
  65 0.198020
  66 0.199010
  67 0.198770
  68 0.192270
  69 0.199344
  70 0.183074
  71 0.173654
  72 0.181018
  73 0.177549
  74 0.175045
  75 0.169781
  76 0.157463
  77 0.155256
  78 0.154414
  79 0.147836
  80 0.153273
  81 0.153018
  82 0.156299
  83 0.138295
  84 0.147500
  85 0.143203
  86 0.143971
  87 0.136187
