   0 0.057168
   1 0.056936
   2 0.062392
   3 0.059521
   4 0.066020
   5 0.075614
   6 0.073926
   7 0.078606
   8 0.081999
   9 0.086668
  10 0.090679
  11 0.099487
  12 0.099602
  13 0.106788
  14 0.113300
  15 0.129340
  16 0.118477
  17 0.125870
  18 0.126592
  19 0.142645
  20 0.150231
  21 0.170280
  22 0.157783
  23 0.180903
  24 0.196358
  25 0.207120
  26 0.228617
  27 0.252367
  28 0.258562
  29 0.245350
  30 0.265534
  31 0.256813
  32 0.275176
  33 0.334230
  34 0.341419
  35 0.335046
  36 0.385202
  37 0.328558
  38 0.332112
  39 0.428259
  40 0.400965
  41 0.411487
  42 0.370656
  43 0.390320
  44 0.334326
  45 0.345887
  46 0.301421
  47 0.270217
  48 0.258849
  49 0.264495
  50 0.232734
  51 0.222207
  52 0.217375
  53 0.181004
  54 0.169997
  55 0.184872
  56 0.183328
  57 0.181340
  58 0.164041
  59 0.141281
  60 0.150559
  61 0.141040
  62 0.139853
  63 0.135331
  64 0.122601
  65 0.123587
  66 0.123830
  67 0.116959
  68 0.117851
  69 0.114950
  70 0.107962
  71 0.102330
  72 0.105467
  73 0.100279
  74 0.099994
  75 0.098314
  76 0.093161
  77 0.088395
  78 0.086045
  79 0.086392
  80 0.084263
  81 0.086096
  82 0.077094
  83 0.080850
  84 0.082089
  85 0.077194
  86 0.080382
  87 0.074823
