   0 0.034805
   1 0.033048
   2 0.037304
   3 0.035182
   4 0.044238
   5 0.053809
   6 0.054993
   7 0.061296
   8 0.070819
   9 0.070446
  10 0.073292
  11 0.105489
  12 0.089992
  13 0.106765
  14 0.114820
  15 0.186128
  16 0.135364
  17 0.170642
  18 0.153519
  19 0.188665
  20 0.224689
  21 0.386367
  22 0.250271
  23 0.332250
  24 0.394396
  25 0.503442
  26 1.127767
  27 1.101625
  28 1.098307
  29 0.882080
  30 1.107244
  31 0.945048
  32 1.170154
  33 2.296904
  34 3.557054
  35 2.206259
  36 4.558725
  37 3.006132
  38 3.431396
  39 5.766379
  40 6.459728
  41 7.400470
  42 5.998586
  43 5.988316
  44 6.242588
  45 6.122477
  46 5.188769
  47 5.130472
  48 5.286922
  49 5.047359
  50 4.733281
  51 4.465934
  52 4.540245
  53 3.592948
  54 2.874184
  55 3.431261
  56 3.399157
  57 3.181035
  58 2.915457
  59 2.634681
  60 2.583941
  61 2.168498
  62 2.206524
  63 2.109935
  64 1.793255
  65 1.776493
  66 1.910251
  67 1.823568
  68 1.656049
  69 1.850020
  70 1.580871
  71 1.408323
  72 1.519974
  73 1.398442
  74 1.319541
  75 1.467006
  76 1.186385
  77 1.073077
  78 1.102438
  79 0.951615
  80 1.021959
  81 1.038367
  82 1.005305
  83 0.890317
  84 0.961650
  85 0.845715
  86 0.934637
  87 0.812854
