   0 -0.972796
   1 -0.970589
   2 -0.968360
   3 -0.965521
   4 -0.963165
   5 -0.959816
   6 -0.956821
   7 -0.953493
   8 -0.950618
   9 -0.947221
  10 -0.943732
  11 -0.939675
  12 -0.935239
  13 -0.931832
  14 -0.926915
  15 -0.922746
  16 -0.917768
  17 -0.912249
  18 -0.907216
  19 -0.899962
  20 -0.894259
  21 -0.888443
  22 -0.883159
  23 -0.875197
  24 -0.870431
  25 -0.862769
  26 -0.852401
  27 -0.845616
  28 -0.833305
  29 -0.826601
  30 -0.816909
  31 -0.806625
  32 -0.794460
  33 -0.774816
  34 -0.763066
  35 -0.744789
  36 -0.727905
  37 -0.719841
  38 -0.696674
  39 -0.681362
  40 -0.671949
  41 -0.644127
  42 -0.632612
  43 -0.600714
  44 -0.599702
  45 -0.576828
  46 -0.577148
  47 -0.562179
  48 -0.556666
  49 -0.546997
  50 -0.538457
  51 -0.531307
  52 -0.517003
  53 -0.514598
  54 -0.509076
  55 -0.502954
  56 -0.493646
  57 -0.487077
  58 -0.481395
  59 -0.476838
  60 -0.471045
  61 -0.466097
  62 -0.459174
  63 -0.456024
  64 -0.452798
  65 -0.444661
  66 -0.438480
  67 -0.434245
  68 -0.432223
  69 -0.426984
  70 -0.421739
  71 -0.416152
  72 -0.413282
  73 -0.409532
  74 -0.404770
  75 -0.402105
  76 -0.398664
  77 -0.393213
  78 -0.389971
  79 -0.386829
  80 -0.382364
  81 -0.379441
  82 -0.375676
  83 -0.373096
  84 -0.370196
  85 -0.365551
  86 -0.362438
  87 -0.360560
