   0 0.984882
   1 0.983559
   2 0.982251
   3 0.980449
   4 0.979021
   5 0.976753
   6 0.975108
   7 0.972730
   8 0.971088
   9 0.969072
  10 0.966767
  11 0.963825
  12 0.960908
  13 0.958509
  14 0.954746
  15 0.951929
  16 0.948396
  17 0.943372
  18 0.940432
  19 0.934116
  20 0.928873
  21 0.925631
  22 0.920398
  23 0.914243
  24 0.910572
  25 0.902590
  26 0.891891
  27 0.885919
  28 0.873902
  29 0.867751
  30 0.852984
  31 0.845678
  32 0.827589
  33 0.790765
  34 0.777409
  35 0.731371
  36 0.694528
  37 0.674716
  38 0.602546
  39 0.552369
  40 0.565793
  41 0.473132
  42 0.393060
  43 0.283553
  44 0.313695
  45 0.199834
  46 0.281887
  47 0.217052
  48 0.220905
  49 0.203936
  50 0.185621
  51 0.205297
  52 0.152762
  53 0.173610
  54 0.137182
  55 0.160332
  56 0.121600
  57 0.136310
  58 0.143004
  59 0.126961
  60 0.114897
  61 0.123713
  62 0.121072
  63 0.124586
  64 0.114104
  65 0.111987
  66 0.101610
  67 0.097564
  68 0.109270
  69 0.099637
  70 0.096886
  71 0.092384
  72 0.092232
  73 0.088440
  74 0.085644
  75 0.086757
  76 0.087424
  77 0.082416
  78 0.083468
  79 0.081521
  80 0.076837
  81 0.080902
  82 0.078664
  83 0.081948
  84 0.072541
  85 0.077099
  86 0.074616
  87 0.075766
