   0 0.052549
   1 0.052121
   2 0.059642
   3 0.065065
   4 0.068304
   5 0.071150
   6 0.074644
   7 0.079912
   8 0.082500
   9 0.083671
  10 0.089121
  11 0.095532
  12 0.102830
  13 0.104714
  14 0.109712
  15 0.115154
  16 0.122998
  17 0.139825
  18 0.137999
  19 0.147934
  20 0.161134
  21 0.171649
  22 0.163196
  23 0.178417
  24 0.173604
  25 0.203027
  26 0.221607
  27 0.209811
  28 0.221012
  29 0.229003
  30 0.253091
  31 0.249652
  32 0.275795
  33 0.360701
  34 0.327462
  35 0.421363
  36 0.418809
  37 0.431592
  38 0.427623
  39 0.422927
  40 0.405936
  41 0.392630
  42 0.446611
  43 0.273223
  44 0.301746
  45 0.228682
  46 0.269135
  47 0.259818
  48 0.227284
  49 0.202433
  50 0.184146
  51 0.199888
  52 0.164753
  53 0.163620
  54 0.153294
  55 0.168769
  56 0.153899
  57 0.155774
  58 0.145408
  59 0.156553
  60 0.141848
  61 0.142621
  62 0.127605
  63 0.134651
  64 0.125883
  65 0.120370
  66 0.121287
  67 0.111982
  68 0.111584
  69 0.115308
  70 0.112422
  71 0.107758
  72 0.099579
  73 0.099632
  74 0.098532
  75 0.099071
  76 0.089541
  77 0.093116
  78 0.092947
  79 0.089863
  80 0.083207
  81 0.086668
  82 0.080324
  83 0.078461
  84 0.081855
  85 0.079534
  86 0.075303
  87 0.076167
