   0 0.029564
   1 0.030503
   2 0.036413
   3 0.043317
   4 0.045681
   5 0.054782
   6 0.053705
   7 0.062814
   8 0.061822
   9 0.063827
  10 0.072782
  11 0.083511
  12 0.093891
  13 0.105741
  14 0.119033
  15 0.139871
  16 0.139639
  17 0.201891
  18 0.177233
  19 0.213786
  20 0.353850
  21 0.278324
  22 0.308010
  23 0.350018
  24 0.319785
  25 0.440909
  26 0.608753
  27 0.578510
  28 0.672970
  29 0.697182
  30 1.140787
  31 0.861511
  32 1.311908
  33 2.909797
  34 2.645366
  35 5.870358
  36 7.733207
  37 11.244221
  38 13.400440
  39 16.814061
  40 12.767913
  41 15.076345
  42 22.631438
  43 12.697262
  44 13.750882
  45 8.817793
  46 11.317742
  47 9.164404
  48 8.855742
  49 6.758819
  50 6.097327
  51 6.461279
  52 4.425374
  53 4.697151
  54 3.661402
  55 3.988439
  56 3.071635
  57 3.737183
  58 3.540596
  59 3.034134
  60 2.360255
  61 2.739998
  62 2.452472
  63 2.634628
  64 2.276784
  65 2.005851
  66 1.922239
  67 1.733779
  68 2.010980
  69 1.750138
  70 1.666017
  71 1.424286
  72 1.389056
  73 1.408361
  74 1.232476
  75 1.243460
  76 1.246884
  77 1.125697
  78 1.059948
  79 1.135382
  80 0.986245
  81 1.027713
  82 1.015268
  83 1.087937
  84 0.855831
  85 0.926195
  86 0.841928
  87 0.920422
