   0 -0.972925
   1 -0.970342
   2 -0.968243
   3 -0.965241
   4 -0.962794
   5 -0.959797
   6 -0.957463
   7 -0.953676
   8 -0.950720
   9 -0.946827
  10 -0.943743
  11 -0.939613
  12 -0.935849
  13 -0.931079
  14 -0.926624
  15 -0.922425
  16 -0.918099
  17 -0.911667
  18 -0.906696
  19 -0.901220
  20 -0.895140
  21 -0.888629
  22 -0.882004
  23 -0.875982
  24 -0.867426
  25 -0.860377
  26 -0.852511
  27 -0.843531
  28 -0.834053
  29 -0.823076
  30 -0.811992
  31 -0.797267
  32 -0.786934
  33 -0.780706
  34 -0.759453
  35 -0.733793
  36 -0.732214
  37 -0.686765
  38 -0.696520
  39 -0.661961
  40 -0.642367
  41 -0.628053
  42 -0.619155
  43 -0.604685
  44 -0.597166
  45 -0.582108
  46 -0.575641
  47 -0.561184
  48 -0.552312
  49 -0.546903
  50 -0.538101
  51 -0.532439
  52 -0.522165
  53 -0.515837
  54 -0.508501
  55 -0.499645
  56 -0.493121
  57 -0.487357
  58 -0.482699
  59 -0.476111
  60 -0.470267
  61 -0.466577
  62 -0.461221
  63 -0.454067
  64 -0.449971
  65 -0.444854
  66 -0.440017
  67 -0.435643
  68 -0.431251
  69 -0.425688
  70 -0.422893
  71 -0.416930
  72 -0.413125
  73 -0.410129
  74 -0.404477
  75 -0.401467
  76 -0.396923
  77 -0.393164
  78 -0.388306
  79 -0.386278
  80 -0.382315
  81 -0.378792
  82 -0.376252
  83 -0.371959
  84 -0.368804
  85 -0.367111
  86 -0.363656
  87 -0.360343
