   0 0.984958
   1 0.983431
   2 0.982258
   3 0.980304
   4 0.978736
   5 0.976884
   6 0.975479
   7 0.973009
   8 0.971200
   9 0.968622
  10 0.966532
  11 0.963603
  12 0.961417
  13 0.957675
  14 0.954507
  15 0.951419
  16 0.948528
  17 0.943714
  18 0.939715
  19 0.935821
  20 0.930455
  21 0.925541
  22 0.919211
  23 0.914873
  24 0.906251
  25 0.899570
  26 0.892833
  27 0.883409
  28 0.873035
  29 0.855334
  30 0.847122
  31 0.808798
  32 0.806811
  33 0.803537
  34 0.748571
  35 0.613239
  36 0.677613
  37 0.414894
  38 0.595998
  39 0.348072
  40 0.300488
  41 0.267953
  42 0.262872
  43 0.154904
  44 0.197078
  45 0.166171
  46 0.143704
  47 0.115905
  48 0.099560
  49 0.114702
  50 0.110703
  51 0.117739
  52 0.094960
  53 0.093335
  54 0.081166
  55 0.092329
  56 0.080367
  57 0.084560
  58 0.081815
  59 0.070616
  60 0.074170
  61 0.080297
  62 0.078108
  63 0.072424
  64 0.065459
  65 0.067381
  66 0.067975
  67 0.059769
  68 0.060870
  69 0.058653
  70 0.056515
  71 0.051777
  72 0.053388
  73 0.056417
  74 0.055028
  75 0.056272
  76 0.056104
  77 0.048719
  78 0.047299
  79 0.050174
  80 0.051339
  81 0.047551
  82 0.045561
  83 0.045719
  84 0.046710
  85 0.045940
  86 0.046270
  87 0.042252
