   0 0.053527
   1 0.055193
   2 0.058275
   3 0.064865
   4 0.067845
   5 0.066711
   6 0.074781
   7 0.079977
   8 0.082021
   9 0.090722
  10 0.091188
  11 0.098629
  12 0.098838
  13 0.108383
  14 0.118828
  15 0.117867
  16 0.121800
  17 0.135796
  18 0.137363
  19 0.133304
  20 0.159336
  21 0.161812
  22 0.185477
  23 0.176246
  24 0.205847
  25 0.219701
  26 0.212450
  27 0.217789
  28 0.220723
  29 0.278871
  30 0.264588
  31 0.311149
  32 0.313891
  33 0.321670
  34 0.371864
  35 0.664436
  36 0.497564
  37 0.496849
  38 0.556296
  39 0.443051
  40 0.404148
  41 0.329751
  42 0.373832
  43 0.244198
  44 0.320681
  45 0.248672
  46 0.225993
  47 0.237618
  48 0.212472
  49 0.197095
  50 0.194552
  51 0.192486
  52 0.178207
  53 0.162832
  54 0.179262
  55 0.162844
  56 0.153389
  57 0.166671
  58 0.142936
  59 0.143974
  60 0.142470
  61 0.150751
  62 0.132883
  63 0.122348
  64 0.122549
  65 0.131337
  66 0.114064
  67 0.117826
  68 0.119610
  69 0.111786
  70 0.103724
  71 0.108477
  72 0.099074
  73 0.105605
  74 0.099585
  75 0.095980
  76 0.099225
  77 0.089805
  78 0.084459
  79 0.088743
  80 0.088262
  81 0.082161
  82 0.080436
  83 0.076444
  84 0.079047
  85 0.078159
  86 0.076415
  87 0.073364
