   0 0.030519
   1 0.032503
   2 0.034902
   3 0.041895
   4 0.046305
   5 0.046476
   6 0.055624
   7 0.062437
   8 0.062275
   9 0.075931
  10 0.082268
  11 0.094695
  12 0.088554
  13 0.108716
  14 0.127995
  15 0.136345
  16 0.146375
  17 0.165873
  18 0.190411
  19 0.176140
  20 0.251305
  21 0.269417
  22 0.356180
  23 0.319463
  24 0.474681
  25 0.547594
  26 0.541094
  27 0.613866
  28 0.806622
  29 1.600201
  30 1.230624
  31 6.396707
  32 2.737878
  33 2.453230
  34 8.769298
  35 60.538068
  36 25.971361
  37 51.092723
  38 28.192811
  39 41.076027
  40 38.986354
  41 25.887728
  42 31.155962
  43 10.927703
  44 22.179447
  45 12.341657
  46 10.729406
  47 6.524205
  48 5.326672
  49 7.462932
  50 6.046155
  51 7.069769
  52 4.434147
  53 4.695614
  54 3.774778
  55 4.790746
  56 3.428729
  57 3.590140
  58 2.945951
  59 2.620279
  60 2.892739
  61 3.104098
  62 2.993341
  63 2.355365
  64 2.142876
  65 2.608653
  66 2.209791
  67 1.884923
  68 1.724349
  69 1.559735
  70 1.613939
  71 1.455743
  72 1.382939
  73 1.441840
  74 1.491562
  75 1.336349
  76 1.481731
  77 1.112434
  78 1.050448
  79 1.027740
  80 1.113853
  81 1.056364
  82 0.880429
  83 0.870227
  84 0.987581
  85 0.887817
  86 0.959296
  87 0.776664
